21345817372864405881847059188222722561
41315554224997310475648793853172784157
15929865037371527486520262195331268351
24009465581433773483714321016016289323
38693525520609629430440850545925687652
38688312631258138685604241404238958859
128095836749339061094738251070624528741
130764677207192195525393840888887449622
2674114409790073893266286948750461449
21345817372864405881847059188222722561
320270990202665973124521174155042619135
48029397364096473935017844153793185287
10665059038940524156928594108498641923
21340584277541259004087526695801260039
28012787544907046841161903980455726091
338948027996861928046413479615925391375
338968655363102158213023988171934928640
337639588838009416811562329368886767855
1334461175309840959873863684897834503
4008574868934591736470721214343220479
